243185706
123456708
123480765
105438762
023145786
230145786
156734802
123406758
123506478
180462753
023176548
403215786
162503478
412753086
123456780
123748065
013426758
123745860
236158470
135482760
120453786
103825476
235184706
126034758
123468750
410762583
123574086
013425786
130726548
102453786
130425786
062143758
173456820
123805476
123056478
023185476
102456738
260183547
041263758
243056178
203145786
152403786
123485076
230176548
123746058
123745086
023146758
123748650
123045786
203156478
120563478
152043786
162740583
123085476
120853476
412763580
523714806
123576408
123485706
051632478
123850476
136742058
102563478
013726548
243715086
413725860
105732846
243156780
401723865
152483076
513076248
152430786
103425786
106432758
203146758
152483760
412508763
152436708
043285176
123460758
103426758
120463758
023168475
123048765
043216758
102463758
243168705
123450786
230174586
152048763
412530786
123456078
123756804
152376408
206135478
243160758
162430758
413206758
150432786
136520478
